image: TestMap.pgm
resolution: 0.050000
origin: [-11.571348, -8.260525, 0.000000]
negate: 0
occupied_thresh: 0.65
free_thresh: 0.196
